7
8
9
9
10
15
17
18
21
22
29
31
31
37
39
42
47
49
52
60
60
64
72
74
87
93
113
118
122
148
151
159
172
176
178
179
179
180
183
186
189
197
204
204
217
226
227
234
236
239
239
248
252
254
259
265
267
274
274
280
293
299
300
300
304
307
311
314
314
316
318
320
327
328
339
343
344
347
361
364
366
367
369
372
379
384
386
389
398
401
409
419
420
425
426
430
441
444
449
464
467
471
473
475
479
481
494
498
502
511
517
534
535
537
538
540
544
546
549
557
559
573
574
578
598
603
604
605
608
612
620
621
629
632
638
638
643
645
649
669
670
676
683
686
691
694
696
702
710
711
713
717
727
727
727
728
733
734
741
743
745
746
753
754
759
761
766
768
772
776
782
786
790
800
809
811
815
816
817
817
819
825
828
838
841
841
855
857
861
868
869
870
879
890
895
911
928
938
938
946
947
948
949
958
961
962
965
974
997
1005
1012
1023
1029
1035
1036
1038
1068
1072
1079
1081
1081
1085
1086
1088
1090
1091
1098
1105
1106
1115
1116
1117
1118
1120
1125
1128
1138
1139
1151
1152
1160
1162
1170
1176
1179
1186
1187
1188
1192
1202
1207
1208
1220
1222
1222
1232
1237
1242
1244
1255
1260
1263
1265
1269
1272
1273
1287
1295
1295
1296
1296
1297
1305
1313
1316
1322
1343
1344
1351
1365
1365
1368
1374
1379
1391
1407
1415
1423
1426
1426
1430
1431
1434
1435
1438
1439
1440
1458
1464
1467
1475
1476
1478
1478
1479
1483
1499
1508
1512
1516
1520
1530
1539
1539
1542
1557
1558
1568
1594
1595
1601
1616
1617
1628
1634
1634
1635
1641
1646
1651
1656
1660
1676
1677
1678
1680
1681
1691
1697
1714
1716
1718
1730
1730
1731
1736
1736
1739
1746
1748
1755
1761
1762
1762
1769
1771
1775
1776
1780
1780
1784
1788
1800
1802
1804
1807
1822
1825
1829
1834
1837
1841
1842
1849
1861
1867
1874
1876
1877
1882
1895
1897
1904
1906
1908
1916
1920
1922
1923
1925
1925
1926
1928
1936
1940
1943
1954
1966
1974
1976
1976
1982
1992
2001
2002
2003
2004
2013
2024
2033
2042
2051
2054
2054
2058
2075
2079
2089
2091
2095
2096
2099
2101
2104
2105
2122
2123
2123
2126
2153
2160
2168
2170
2171
2173
2174
2174
2177
2177
2180
2187
2202
2204
2222
2226
2227
2230
2240
2241
2242
2242
2250
2260
2269
2272
2277
2286
2289
2289
2289
2304
2310
2313
2322
2328
2329
2333
2343
2343
2360
2361
2368
2368
2378
2387
2396
2399
2401
2404
2405
2420
2426
2433
2442
2443
2444
2446
2461
2462
2469
2473
2475
2479
2481
2481
2481
2486
2488
2490
2490
2501
2507
2510
2510
2530
2532
2533
2537
2544
2563
2563
2572
2580
2586
2587
2606
2613
2613
2615
2628
2641
2651
2659
2659
2685
2687
2687
2692
2695
2696
2699
2710
2726
2734
2747
2763
2765
2768
2784
2784
2786
2789
2791
2792
2794
2797
2808
2823
2823
2836
2838
2840
2860
2868
2873
2874
2876
2876
2878
2878
2886
2888
2902
2906
2911
2912
2914
2931
2934
2934
2942
2950
2959
2964
2965
2984
2985
2986
2988
2990
2992
2993
2995
2996
2997
2998
3005
3011
3019
3022
3026
3033
3038
3040
3052
3055
3059
3060
3061
3063
3077
3080
3081
3084
3088
3088
3093
3095
3100
3100
3100
3104
3112
3121
3121
3124
3134
3157
3159
3161
3161
3165
3168
3172
3175
3190
3192
3194
3205
3211
3212
3215
3215
3221
3224
3228
3231
3234
3234
3238
3241
3246
3248
3249
3257
3259
3261
3262
3267
3271
3281
3289
3289
3290
3294
3296
3310
3320
3320
3323
3326
3327
3337
3351
3354
3356
3378
3396
3398
3401
3408
3420
3421
3427
3429
3433
3433
3440
3444
3445
3450
3454
3459
3460
3463
3487
3503
3507
3508
3509
3514
3516
3525
3528
3536
3540
3546
3547
3549
3564
3570
3571
3580
3585
3596
3598
3605
3607
3607
3615
3617
3618
3625
3626
3629
3633
3634
3636
3641
3665
3680
3682
3694
3695
3701
3705
3711
3717
3719
3725
3728
3735
3739
3740
3747
3748
3749
3753
3761
3764
3768
3769
3783
3785
3787
3788
3795
3796
3799
3799
3803
3804
3809
3817
3823
3826
3827
3829
3849
3849
3852
3852
3855
3860
3863
3872
3873
3873
3877
3880
3885
3887
3896
3896
3897
3906
3915
3916
3919
3923
3923
3928
3939
3964
3966
3972
3976
3992
3996
3996
4001
4004
4009
4010
4014
4027
4033
4044
4047
4047
4048
4051
4060
4064
4065
4072
4072
4092
4094
4096
4098
4099
4103
4105
4108
4113
4114
4115
4126
4130
4133
4137
4139
4140
4140
4150
4158
4171
4173
4174
4184
4189
4189
4189
4195
4200
4202
4210
4212
4215
4219
4226
4230
4230
4235
4235
4236
4238
4238
4239
4239
4259
4261
4263
4263
4270
4275
4279
4291
4295
4296
4300
4301
4311
4313
4322
4324
4327
4334
4335
4335
4336
4339
4340
4350
4355
4362
4364
4364
4366
4370
4393
4395
4398
4409
4412
4412
4417
4418
4421
4432
4434
4439
4446
4451
4455
4460
4460
4463
4467
4470
4484
4484
4486
4491
4501
4505
4506
4509
4509
4514
4515
4518
4525
4526
4537
4539
4543
4545
4560
4563
4564
4568
4573
4578
4587
4599
4606
4614
4619
4628
4632
4636
4640
4642
4667
4675
4679
4679
4681
4682
4685
4692
4703
4710
4713
4719
4720
4720
4727
4731
4736
4752
4758
4759
4761
4763
4766
4767
4767
4776
4779
4789
4790
4793
4796
4801
4801
4802
4816
4818
4819
4829
4833
4833
4838
4851
4852
4868
4877
4886
4888
4895
4902
4904
4905
4906
4910
4913
4914
4919
4948
4967
4972
4972
4978
4982
4984
4987
4990
